32
42
46
32
42
47
43
42
42
41
60
32
53
36
39
39
43
48
55
52
48
32
51
50
51
47
46
50
32
32
53
46
42
44
44
41
44
43
41
41
42
44
37
41
44
48
45
39
41
41
40
40
41
42
40
41
39
39
39
56
43
49
50
48
42
42
44
44
45
43
35
32
36
23
32
32
47
25
28
34
62
37
80
54
36
28
27
27
28
29
28
52
33
33
53
34
43
48
51
44
62
32
57
35
38
37
40
36
48
34
77
54
59
33
27
35
63
78
70
32
32
66
29
28
28
32
30
35
39
40
32
32
32
32
32
32
32
70
42
32
32
32
32
32
32
32
32
51
42
39
45
45
41
41
42
32
41
38
38
37
34
34
34
33
32
32
32
