32
23
27
32
25
25
24
23
24
24
31
32
25
20
22
22
23
26
28
27
26
32
23
25
25
25
22
23
32
32
26
22
21
21
21
21
21
21
21
21
22
22
21
21
21
22
22
21
21
21
21
21
21
21
21
21
21
21
22
53
21
24
26
25
22
23
23
23
24
23
22
32
22
25
32
32
37
21
14
22
68
23
82
32
29
29
29
29
29
29
27
60
31
31
61
31
38
35
34
30
67
32
63
52
49
48
50
55
56
19
66
32
61
38
17
21
66
69
70
32
32
71
21
22
20
32
23
28
30
28
32
32
32
32
32
32
32
78
42
32
32
32
32
32
32
32
32
33
25
23
26
27
24
23
24
32
23
23
23
24
23
23
23
23
22
22
22
