32
21
23
32
21
22
23
22
23
21
24
32
22
20
24
24
27
28
26
27
24
32
24
23
23
22
24
22
32
32
23
23
21
24
24
24
22
22
22
23
23
24
24
23
22
21
21
22
22
22
22
22
22
22
22
22
21
23
22
38
24
27
26
27
23
27
27
21
19
20
24
32
22
36
32
32
28
23
18
15
81
20
91
30
33
32
32
31
31
32
32
59
35
35
63
34
38
36
38
40
72
32
61
61
61
61
61
61
61
26
56
36
78
61
32
44
84
85
86
32
32
89
38
31
26
32
32
41
40
37
32
32
32
32
32
32
32
66
40
32
32
32
32
32
32
32
32
36
20
19
24
26
21
20
22
32
22
25
23
26
29
33
31
33
31
30
31
